1 0.07734375 0.4375 0.0921875 0.103125
1 0.2078125 0.225 0.08125 0.0998046875
0 0.2875 0.115625 0.04375 0.146875
1 0.44453125 0.44765625 0.0984375 0.0828125
1 0.89296875 0.30078125 0.1048828125 0.1236328125
1 0.8453125 0.0578125 0.09375 0.115625
0 0.34296875 0.1375 0.0671875 0.1875
0 0.4078125 0.234375 0.105859375 0.1341796875
1 0.5125 0.1203125 0.105859375 0.196484375
1 0.278125 0.69140625 0.0625 0.1515625
1 0.05 0.64921875 0.1 0.1703125
1 0.28515625 0.70234375 0.0484375 0.1296875
1 0.04609375 0.8390625 0.0921875 0.215625
1 0.5953125 0.703125 0.1501953125 0.1625
1 0.65234375 0.57265625 0.1046875 0.1328125
0 0.4578125 0.5453125 0.14375 0.1125
0 0.81484375 0.6421875 0.1638671875 0.2029296875
0 0.94453125 0.90703125 0.1109375 0.1859375