1 0.05390625 0.48984375 0.0828125 0.0984375
1 0.2796875 0.50703125 0.0625 0.0640625
1 0.02890625 0.2890625 0.0578125 0.075
1 0.37734375 0.09375 0.0578125 0.084375
1 0.5859375 0.24140625 0.028125 0.0734375
0 0.5484375 0.03984375 0.103125 0.0796875
0 1 0 0.654720253125 0 0.6286320578125 0.0717511984375 0.6651880515624999 0.183357025 0.745996084375 0.2718720171875 0.7380116296875 0.2605897921875 0.8941443109375001 0.2968870515625 0.9922685046874999 0.2988113484375 1 0.28164906875 1 0
0 0.0921875 0.66171875 0.058984375 0.0734375
0 0.18203125 0.80234375 0.048828125 0.065625
1 0.4375 0.8125 0.037890625 0.044140625
1 0.421875 0.95078125 0.03203125 0.036328125
1 0.3765625 0.98359375 0.025 0.0328125
1 0.54375 0.65078125 0.03203125 0.0453125
1 0.3421875 0.55703125 0.0328125 0.03203125
1 0.40703125 0.575 0.0296875 0.034375
1 0.34375 0.61171875 0.0375 0.04375
1 0.20078125 0.9140625 0.03515625 0.04140625
1 0.17734375 0.8890625 0.0390625 0.03984375
0 0.065625 0.846875 0.0515625 0.0609375
0 0.134375 0.98203125 0.0625 0.0359375
0 0.87421875 0.93671875 0.1328125 0.1265625
0 0.79921875 0.73046875 0.1419921875 0.1796875
0 0.7609375 0.584375 0.128125 0.090625
0 0.7265625 0.90078125 0.14765625 0.1828125