1 0.55703125 0.2375 0.0828125 0.108984375
1 0.10703125 0.07890625 0.0607421875 0.0673828125
1 0.12109375 0.1328125 0.06875 0.066015625
1 0.33046875 0.22265625 0.0611328125 0.0703125
1 0.59609375 0.44296875 0.0859375 0.0734375
1 0.01875 0.46640625 0.0375 0.0265625
0 0.4765625 0.07734375 0.146875 0.1546875
0 0.228125 0.075 0.14375 0.15
1 0.684375 0.33046875 0.090625 0.1765625
1 0.93515625 0.30703125 0.1203125 0.1638671875
1 0.7671875 0.35625 0.134375 0.246875
1 0.3015625 0.94609375 0.11875 0.1078125
1 0.58984375 0.8640625 0.0984375 0.121875
1 0.4453125 0.51875 0.096875 0.078125
1 0.02265625 0.57890625 0.0453125 0.1421875
1 0.21796875 0.87421875 0.1013671875 0.1107421875
1 0.275 0.75703125 0.077734375 0.1919921875
1 0.3609375 0.5265625 0.05625 0.09375
1 0.50859375 0.503125 0.0453125 0.046875
1 0.59921875 0.56171875 0.0796875 0.1046875
1 0.19375 0.59296875 0.065625 0.0765625
1 0.1140625 0.56328125 0.059765625 0.094921875
1 0.6573466171875 0.4796875 0.6421875 0.6464568953125001 0.6421875 0.6554978375 0.6627833640625 0.75661688125 0.725699546875 0.8015625 0.7603679796875 0.8015625 0.8590315609375001 0.791253159375 0.991787684375 0.7239048078125 1 0.64294505625 1 0.5800356265625 0.952472478125 0.4796875 0.6573466171875 0.4796875