0 0 0 0 0.267413075 0.0452738390625 0.2911307734375 0.12867195781250002 0.3078125 0.13343384375 0.3078125 0.2703819765625 0.25264600000000004 0.3223300671875 0.14296447031249998 0.29924191875 0.06791921875 0.2703819765625 0.0024950640625 0.2677848125 0 0 0
0 0.4796875 0 0.4796875 0.141801778125 0.866667578125 0.0156126796875 0.8460652078124999 0 0.4796875 0
1 0.16796875 0.4875 0.0828125 0.10859375
1 0.20859375 0.69375 0.0890625 0.075
1 0.3203125 0.8734375 0.059375 0.08125
1 0.28828125 0.96796875 0.0734375 0.0640625
0 0.4484375 0.73984375 0.0625 0.1140625
0 0.35625 0.67109375 0.128125 0.16171875
0 0.3921875 0.8296875 0.08671875 0.13125
1 0.91171875 0.49609375 0.1765625 0.1546875
1 0.69140625 0.4640625 0.1890625 0.090625
1 0.7296875 0.778125 0.16171875 0.1890625
1 0.534375 0.45546875 0.109375 0.0734375
1 0.9640625 0.77890625 0.071875 0.2109375