1 0.50234375 0.1484375 0.0328125 0.125
0 0.33515625 0.19609375 0.140625 0.184375
0 0.26328125 0.4875 0.1328125 0.184375
0 0.5046875 0.29921875 0.028125 0.1546875
1 0.7796875 0.334375 0.1751953125 0.268359375
1 0.5859375 0.3921875 0.134375 0.25625
1 0.7125 0.49609375 0.234375 0.1671875
1 0.59765625 0.0453125 0.1578125 0.090625
1 0.88125 0.05 0.171875 0.1
1 0.225 0.97265625 0.203125 0.0546875
1 0.9974096375 1 0.9226377140625001 0.900871575 0.923311125 0.8935795750000001 0.788266646875 0.8375 0.78752271875 0.8375 0.6378854359374999 0.8816291390625001 0.5812078703125 1 0.9974096375 1