0 0.5 0.18515625 0.1 0.1859375
0 0.3234375 0.01953125 0.13125 0.0390625
0 0.075 0.296875 0.140625 0.10625
1 0.709375 0.11796875 0.234375 0.2359375
1 0 0.9686117234375 0.1127781859375 0.9825367109375 0.166650340625 0.9767640140625 0.28209030468749996 0.9017187140625001 0.3421875 0.7251619359375 0.3421875 0.7184496593749999 0.2513063 0.5707498296875 0.07695790625 0.4921875 0.0757718875 0.4921875 0 0.5479708921875 0 0.9686117234375
1 0.85546875 0.8578125 0.0828125 0.108984375
1 0.81484375 0.6515625 0.0890625 0.075
1 0.703125 0.471875 0.059375 0.08125
1 0.73359375 0.37890625 0.0734375 0.0578125
0 0.93046875 0.9703125 0.1390625 0.059375
0 0.57734375 0.60390625 0.0546875 0.1140625
0 0.6671875 0.67421875 0.128125 0.16171875
0 0.63125 0.515625 0.08671875 0.13125