1 0.40390625 0.16015625 0.0451171875 0.053125
1 0.46796875 0.15234375 0.03125 0.0576171875
1 0.50234375 0.14921875 0.0419921875 0.0455078125
1 0.50703125 0.221875 0.0455078125 0.0658203125
1 0.40703125 0.20859375 0.0388671875 0.0392578125
1 0.36171875 0.2375 0.025 0.037109375
1 0.453125 0.39140625 0.04375 0.0451171875
1 0.584375 0.3828125 0.0470703125 0.040625
1 0.63671875 0.0765625 0.0423828125 0.0345703125
1 0.2 0.3 0.034765625 0.0501953125
1 0.2140625 0.36328125 0.044140625 0.0451171875
1 0.0859375 0.1984375 0.0341796875 0.046875
1 0.0078125 0.2703125 0.015625 0.034375
1 0.0375 0.29921875 0.04375 0.0359375
1 0.03515625 0.33125 0.03125 0.037890625
1 0.0890625 0.19765625 0.0283203125 0.0453125
1 0.078125 0.07109375 0.033984375 0.0326171875
1 0.0140625 0.053125 0.028125 0.034375
1 0.0765625 0.01875 0.0375 0.0375
0 0.571875 0.2859375 0.0341796875 0.059375
1 0.7 0 0.7 0.315439621875 0.7653912375 0.2896762390625 0.8365793546875 0.1722978140625 0.825035184375 0.0395253046875 0.811558 0 0.7 0
1 0.540625 0.92734375 0.159375 0.1453125
1 0.37578125 0.83671875 0.153125 0.2076171875
1 0.2046875 0.76484375 0.1439453125 0.1875
1 0.33359375 0.6640625 0.1171875 0.174609375
1 0.44453125 0.60625 0.1140625 0.134375
1 0.89714675625 0.5390625 0.8356135281249999 0.5661403921875 0.716325440625 0.5873070765625 0.7 0.60621249375 0.7 1 1 1 1 0.5623520015625 0.9588004984375 0.5390625 0.89714675625 0.5390625