1 0.22109375 0.15078125 0.0451171875 0.053125
1 0.15703125 0.15859375 0.03125 0.0576171875
1 0.12265625 0.16171875 0.0419921875 0.0455078125
1 0.11796875 0.0890625 0.0455078125 0.0658203125
1 0.21796875 0.10234375 0.038671875 0.039453125
1 0.259375 0.07265625 0.01875 0.0359375
1 0.0046875 0.23359375 0.009375 0.0359375
0 0.05234375 0.02734375 0.0328125 0.0546875
0 0.01640625 0.35703125 0.0328125 0.0578125
0 0.25625 0.52890625 0.025 0.0609375
1 0.8588536953125001 0.5796875 0.8703125 0.5636965171874999 0.8703125 0.5587218984375 0.8665908312500001 0.417278221875 0.7838587359375 0.3172177890625 0.7107467515625 0.2363998390625 0.6276575828125 0.215625 0.6089533640625 0.215625 0.516422421875 0.23832403906250002 0.41637436250000004 0.28258150937500004 0.3453125 0.3805435953125 0.3453125 0.3814373953125 0.364426271875 0.49039917343750006 0.3971343359375 0.5731415156249999 0.40170557812499996 0.5796875 0.8588536953125001 0.5796875
0 0 0.5796875 0 0.8056483156249999 0.026333660937499996 0.813549371875 0.1132983890625 0.7898530921875 0.12253359999999999 0.7904585375 0.195645778125 0.6942466015625 0.23797375937499998 0.6345952406250001 0.23993456875 0.5796875 0 0.5796875
1 0.3140625 0.9359375 0.090625 0.125
1 0.71484375 0.88359375 0.0888671875 0.1326171875
1 0.7859375 0.6359375 0.09375 0.1125
1 0.81796875 0.83984375 0.13125 0.10625
1 0.45234375 0.6203125 0.1046875 0.08125
1 0.81796875 0.94609375 0.1296875 0.1078125
1 0.9765625 0.959375 0.046875 0.08125