0 0.26953125 0.4515625 0.0578125 0.05625
1 0.19453125 0.26640625 0.0451171875 0.053125
1 0.13046875 0.27421875 0.03125 0.0576171875
1 0.09609375 0.27734375 0.0419921875 0.0455078125
1 0.09140625 0.2046875 0.0455078125 0.0658203125
1 0.19140625 0.21796875 0.038671875 0.039453125
1 0.23671875 0.1890625 0.025 0.0373046875
1 0.1453125 0.03515625 0.04375 0.0451171875
1 0.01875 0.04375 0.0375 0.040625
1 0.3984375 0.1265625 0.034765625 0.0501953125
1 0.384375 0.06328125 0.044140625 0.0451171875
1 0.5125 0.228125 0.0341796875 0.046875
1 0.509375 0.22890625 0.0283203125 0.0453125
1 0.5203125 0.35546875 0.03359375 0.032421875
1 0.52109375 0.409375 0.0359375 0.04375
0 0.0265625 0.140625 0.0341796875 0.059375
1 0.87578125 0.21796875 0.13125 0.1296875
1 0.70390625 0.0734375 0.0861328125 0.080859375
1 0.68046875 0.01796875 0.1453125 0.0359375
1 0.21953125 0.8953125 0.1111328125 0.1216796875
1 0.3625 0.76953125 0.099609375 0.096875
1 0.38671875 0.64453125 0.1138671875 0.1171875
1 0.53125 0.671875 0.015625 0.071875
1 1 0.692672596875 0.9182337359374999 0.5937802890625 0.8451217515625 0.5129623390625 0.7620325828125 0.4921875 0.7433283640624999 0.4921875 0.650797421875 0.5148865390624999 0.5507493625000001 0.559144009375 0.5390625 0.57525489375 0.5390625 0.8605200890625 0.616165490625 0.9709309874999998 0.7353340609375 1 0.7998235390625 1 0.9220816624999999 0.95553705 1 0.8468005140624999 1 0.692672596875