0 0.06640625 0.290625 0.1265625 0.1560546875
0 0.09921875 0.12734375 0.1359375 0.1828125
0 0.35234375 0.28984375 0.115625 0.1392578125
0 0.50078125 0.2921875 0.1 0.1439453125
0 0.54296875 0.4890625 0.0515625 0.165625
0 0.42734375 0.5375 0.1548828125 0.1283203125
0 0.265625 0.48984375 0.137890625 0.15
1 1 0.61875 1 0.250275784375 0.940911271875 0.22765221875 0.7754470812500001 0.26998544375 0.715803134375 0.360424634375 0.717727 0.5066667390624999 0.81007920625 0.614424065625 0.842686103125 0.61875 1 0.61875
1 0.11881312656250001 0.61875 0.1536605390625 0.6932938890625 0.25526743125 0.746875 0.2691070203125 0.746875 0.409552875 0.7144604765625 0.495869375 0.61875 0.11881312656250001 0.61875
1 0.70234375 0.72109375 0.1984375 0.2046875
1 0.64296875 0.8921875 0.1484375 0.215625
1 0.9546875 0.75546875 0.090625 0.2140625