0 0.0265625 0.40546875 0.053125 0.1265625
0 0.23828125 0.27109375 0.115625 0.139453125
0 0.38671875 0.26875 0.1 0.1439453125
0 0.4515625 0.0765625 0.096875 0.153125
0 0.3125 0.04375 0.15625 0.0875
0 0.15078125 0.07265625 0.1390625 0.1453125
1 1 0.46875 1 0.0709688125 0.850540490625 0.10742675156249999 0.7658843359375 0.22865372343749998 0.7331762718749999 0.31139606406250003 0.7140625 0.4203578453125 0.7140625 0.4212516421875 0.7485178890624999 0.46875 1 0.46875
1 0.090625 0.621875 0.178125 0.190625
1 0.09453125 0.83203125 0.160546875 0.2015625
1 0.228125 0.7171875 0.1560546875 0.221875
1 0.259375 0.9234375 0.153125 0.153125
1 0.42890625 0.9640625 0.1421875 0.071875
1 0.5 1 0.8129106890625 1 0.8259859640625 0.994565453125 0.909375 0.8675712515624999 0.909375 0.8617793703124998 0.8702380046875 0.7424903171875 0.8144419875000001 0.6982327500000001 0.8336820140625001 0.6366571890625 0.79712601875 0.5500664468750001 0.711321759375 0.5015625 0.70515378125 0.5015625 0.6124218031249999 0.5423695015625001 0.5 0.5623178203125 0.5 1