0 0.15859375 0.41640625 0.1265625 0.1453125
0 0.44375 0.4203125 0.115625 0.1375
0 0.5921875 0.41796875 0.1 0.1421875
0 0.7484375 0.453125 0.103125 0.071875
0 0.66953125 0.22265625 0.117578125 0.164453125
0 0.51953125 0.175 0.1548828125 0.1283203125
0 0.3578125 0.22265625 0.137890625 0.15
1 0.04921875 0.0796875 0.0984375 0.15
1 0.17578125 0.0390625 0.1046875 0.078125
0 0.0921875 0.6296875 0.058984375 0.075
0 0.02421875 0.6265625 0.0484375 0.0625
1 0.328125 0.49921875 0.040625 0.0203125
1 0.36015625 0.50078125 0.0359375 0.0234375
1 0.60625 0.5125 0.040625 0.046875
1 0.66875 0.5765625 0.03828125 0.05
1 0.646875 0.534375 0.0375 0.047265625
1 0.7203125 0.60703125 0.0189453125 0.0375
1 0.74296875 0.66875 0.0451171875 0.062109375
1 0.715625 0.55078125 0.049609375 0.0625
1 0.78828125 0.959375 0.0234375 0.05625
1 0.925 0.6 0.15 0.20625
1 0.95546875 0.77265625 0.0890625 0.1734375
1 0.85859375 0.84921875 0.1140625 0.171875