0 0 0.3736145859375 0.03439631875 0.362147790625 0.117513115625 0.2844014171875 0.136368440625 0.212057190625 0.14021636875000001 0.158178528125 0.12482446250000001 0.0908301703125 0 0.051594884375000004 0 0.3736145859375
1 0.98984375 0.11328125 0.0203125 0.1015625
1 0.83984375 0.14375 0.078125 0.1015625
1 0.90390625 0.08203125 0.1015625 0.0921875
1 0.6953125 0.11171875 0.07734375 0.10703125
1 0.63046875 0.128125 0.0671875 0.08125
1 0.66328125 0.22265625 0.07890625 0.1109375
1 0.5796875 0.19765625 0.08984375 0.14140625
1 0.5546875 0.07109375 0.11796875 0.10625
1 0 0.5796875 0 0.799468409375 0.0172351546875 0.812004603125 0.046095096875000005 0.812004603125 0.0805612453125 0.865625 0.09273307343750001 0.865625 0.1716361890625 0.863927971875 0.273127296875 0.8466408812499999 0.3712514921875 0.8023833609375 0.4308954375 0.7042471765625 0.407807484375 0.6272777234375 0.377897309375 0.5796875 0 0.5796875
1 0.63125 0.72578125 0.1421875 0.1765625
1 0.6921875 0.625 0.146875 0.090625