1 0.41875 0.2109375 0.021875 0.084375
1 0.3953125 0.06640625 0.06875 0.1109375
1 0.4296875 0 0.4296875 0.18034489375 0.4386635421875 0.20666944375 0.5639159125 0.2730750078125 0.688976184375 0.27115080625 0.7832522546874999 0.20765094999999997 0.8428962046875 0.0998935703125 0.8440713140625 0 0.4296875 0
1 0.38203125 0.925 0.0953125 0.103125
1 0.26484375 0.89765625 0.0859375 0.2046875
1 0.1078125 0.9140625 0.190625 0.1623046875
1 0.85859375 0.653125 0.078125 0.10234375
1 0.92265625 0.59140625 0.1015625 0.0921875
1 0.7140625 0.62109375 0.0779296875 0.1076171875
1 0.64921875 0.6375 0.0671875 0.08125
1 0.68203125 0.73203125 0.0794921875 0.1109375
1 0.5984375 0.70703125 0.0904296875 0.1419921875
1 0.5734375 0.58046875 0.1185546875 0.10625