1 0.3625 0.2578125 0.050390625 0.065234375
1 0.4171875 0.096875 0.0751953125 0.090625
1 0.4296875 0.0265625 0.0875 0.053125
1 0.26875 0.31328125 0.0595703125 0.0857421875
1 0.31875 0.48515625 0.078125 0.0484375
1 0.23046875 0.45546875 0.0796875 0.1078125
1 1 0 0.6733509671875 0 0.658908596875 0.0206345421875 0.6435164999999999 0.057195065625 0.6 0.12720850625 0.6 0.138568215625 0.610808434375 0.288103615625 0.6627565265625 0.3920124484375 0.7377925703124999 0.47090629218749996 0.8557782156249999 0.4875 0.8633775874999999 0.4875 0.9975328343750001 0.44781540781249995 1 0.445815909375 1 0
1 0 1 0.29061048437500003 1 0.302280509375 0.9464486859375001 0.25033241875 0.8059792296874999 0.15413228437499998 0.713615790625 0.147302053125 0.7137442234375 0.040616184374999996 0.7270855296875001 0 0.7553752593749999 0 1
1 0.9625 0.67421875 0.075 0.2671875
1 0.79296875 0.6265625 0.1890625 0.234375
1 0.91484375 0.55234375 0.1703125 0.0859375
1 0.83046875 0.95859375 0.1609375 0.0828125
1 0.615625 0.61796875 0.15 0.2171875