1 0.6421875 0.43515625 0.075 0.1734375
1 0.4015625 0.50625 0.178125 0.190625
1 0.39765625 0.29609375 0.1607421875 0.2015625
1 0.2640625 0.4109375 0.1560546875 0.221875
1 0.23203125 0.17734375 0.153125 0.2076171875
1 0.06640625 0.1046875 0.1328125 0.1875
1 0.18984375 0.0453125 0.1171875 0.090625
1 0.91796875 0.50625 0.15 0.2123046875
1 0.74921875 0.09453125 0.0984375 0.1671875
1 0.69375 0.08671875 0.028125 0.1734375
1 0.2703125 0.9640625 0.13125 0.071875
1 0.05859375 0.928125 0.1171875 0.134375
0 0.71953125 0.94765625 0.0796875 0.1046875
0 0.84375 0.91328125 0.13828125 0.15