1 0.5734375 0.11015625 0.053125 0.1734375
1 0.34375 0.06796875 0.178125 0.1359375
1 0.33984375 0.25078125 0.160546875 0.2015625
1 0.20625 0.1359375 0.1560546875 0.221875
1 0.17421875 0.36953125 0.153125 0.207421875
1 0.0375 0.440625 0.075 0.1875
1 0.13203125 0.5421875 0.1171875 0.174609375
1 0.24296875 0.60546875 0.1140625 0.1484375
1 0.6 0.5718714328125001 0.7265361609375 0.5718714328125001 0.8419763203125001 0.4987503828125 0.8739146468750001 0.311335740625 0.79387615625 0.23128135625000001 0.6765121296875 0.188948084375 0.6 0.18401124687499998 0.6 0.5718714328125001
0 0 0.6796875 0 0.863687303125 0.017280882812500002 0.901891703125 0.0903928703125 0.9673157609375 0.1407748625 1 0.1836650109375 1 0.19621291875 0.9923308453124999 0.21282742031250002 1 0.26422693750000004 1 0.30010910156250004 0.96924005625 0.3484402578125 1 0.37381655468749997 1 0.39823329375 0.976936953125 0.44248533593749995 0.97116425625 0.44248533593749995 0.9211340890624999 0.43863721718750004 0.8826493140625 0.4809653890625 0.8460887421875001 0.5021292828125 0.7768162828125 0.4809653890625 0.7075437296875 0.47221163749999995 0.6796875 0 0.6796875
1 0.7046875 0.72109375 0.11875 0.0828125
1 0.971875 0.790625 0.05625 0.121875
1 0.63515625 0.78125 0.0703125 0.109375
1 0.678125 0.89921875 0.0765625 0.19140625