1 0.20234375 0.1203125 0.1169921875 0.1216796875
1 0.421875 0.2359375 0.14375 0.134765625
0 0.0375 0.1546875 0.075 0.24375
0 0.16171875 0.29375 0.16875 0.244140625
0 0.31796875 0.3453125 0.139453125 0.228515625
1 0.41796875 0.475 0.1046875 0.15
1 0.559375 0.4167107296875 0.685544659375 0.43344957187500005 0.8433128 0.40073749531249997 0.90872893125 0.2391016 0.8555301828124999 0.10884530625 0.6365411609375 0.025 0.61478014375 0.025 0.559375 0.039175140625 0.559375 0.4167107296875
0 0.559375 0.6912415843749999 0.5404685953125 0.6769141234375 0.4658292515625 0.675 0.4650155015625 0.675 0.3865483796875 0.6769141234375 0.228780240625 0.7346412375 0.157592121875 0.778898659375 0.14220143125 0.9078125 0.142231415625 0.9078125 0.559375 0.7717874796874999 0.559375 0.6912415843749999
1 0.90625 0.64375 0.153125 0.1875
1 0.7359375 0.70703125 0.144140625 0.1875
1 0.86484375 0.8078125 0.1171875 0.174609375
1 0.959375 0.8828125 0.08125 0.171875