1 0.40234375 0.27734375 0.0546875 0.1203125
1 0.28046875 0.0859375 0.1265625 0.171875
1 0.0546875 0.06640625 0.109375 0.1328125
0 0.228125 0.3 0.15625 0.21875
0 0.36875 0.36875 0.121875 0.08125
1 0.08515625 0.37109375 0.1703125 0.0765625
1 0.83984375 0.25546875 0.098046875 0.0890625
1 0.77734375 0.31484375 0.0673828125 0.0919921875
1 0.975 0.28984375 0.05 0.0828125
1 0.8484375 0.36171875 0.078125 0.0953125
1 0.76015625 0.3875 0.0796875 0.04375
0 0.4296875 0.615625 0.42604789062500004 0.615625 0.3088627953125 0.64208935625 0.20150360625000002 0.7181062046875001 0.1390625 0.8149676343750001 0.1390625 0.8204090703125001 0.17803072656250002 0.9076341828124999 0.341570859375 0.9653613437499999 0.4296875 0.9578929109375001 0.4296875 0.615625
1 1 0.496681209375 0.9142439843750001 0.4484375 0.910415384375 0.4484375 0.7407396 0.4578650890625 0.628666565625 0.5964179109375001 0.621875 0.5945993921875 0.621875 0.6000979546874999 0.6368434187500001 0.7984551671875 0.7290020421875 0.890625 0.7304377703125 0.890625 0.8773436531249998 0.8677278171874999 1 0.7947091187499999 1 0.496681209375