1 0.509375 0 0.044051546875 0 0.028125 0.026205015625 0.028125 0.042558821875 0.047928475 0.10857864375 0.09025645624999999 0.1759269 0.10949648281249999 0.2740630359375 0.169140625 0.362577978125 0.29227664062500003 0.389517359375 0.37320040468750004 0.396875 0.3779992 0.396875 0.46158895156249996 0.3702749703125 0.509375 0.331172471875 0.509375 0
1 0.7421875 0.39375 0.178125 0.13125
1 0.85078125 0.27109375 0.19140625 0.196875
1 0.95390625 0.13828125 0.0921875 0.2234375
1 0.56171875 0.04453125 0.1046875 0.0890625
0 0.6109375 0.2875 0.203125 0.28125
1 0.73671875 0.1125 0.2296875 0.225
1 0 0.459375 0 0.8282799984375 0.0338951390625 0.8616411953124998 0.1031591953125 0.8520200015625001 0.222447284375 0.8905047749999999 0.3301913953125 0.8500958015625001 0.40522744062499994 0.738489975 0.4340875765625 0.6422780390625 0.4129234890625 0.5325965109374999 0.368671446875 0.46139965937499994 0.35074085781250003 0.459375 0 0.459375
0 0.8078125 0.84375 0.1904296875 0.228125
0 0.584375 0.68671875 0.146875 0.18203125
1 0.7109375 0.9515625 0.128125 0.096875
1 0.6171875 0.965625 0.08125 0.06875
1 0.85078125 0.57734375 0.11875 0.12265625
1 0.99375 0.86015625 0.0125 0.1265625
1 0.9859375 0.96796875 0.028125 0.0640625