1 0.21328125 0.22109375 0.1734375 0.1609375
0 0.0265625 0.37421875 0.053125 0.1296875
1 0.753125 0.315625 0.050390625 0.065234375
1 0.8078125 0.1546875 0.075390625 0.090625
1 0.82109375 0.05859375 0.086328125 0.107421875
1 0.659375 0.37109375 0.06015625 0.08515625
1 0.171875 0.453125 0.0625 0.028125
1 0.07890625 0.984375 0.0671875 0.03125
1 0.07578125 0.8484375 0.0578125 0.084375
0 0.97109375 0.76640625 0.0578125 0.1546875
0 0.95234375 0.60390625 0.0953125 0.1828125
0 0.71953125 0.76640625 0.115625 0.139453125
0 0.57109375 0.76875 0.1 0.1439453125
0 0.3984375 0.68203125 0.1375 0.1794921875
0 0.49375 0.94140625 0.11875 0.1171875
0 0.64375 0.97421875 0.15625 0.0515625
0 0.80546875 0.9453125 0.1390625 0.109375
1 0.35390625 0.55390625 0.0546875 0.06875
1 0.340625 0.7796875 0.065625 0.07578125
1 0.30625 0.70078125 0.0125 0.1328125
1 0.3140625 0.821875 0.028125 0.06875