1 0.08828125 0.06015625 0.1765625 0.1203125
1 0.01171875 0.15390625 0.0234375 0.2234375
1 0.40078125 0.2875 0.1640625 0.166015625
0 0.35390625 0.0734375 0.2703125 0.146875
1 0.1953125 0.1828125 0.2310546875 0.228125
1 0.2828125 0.55859375 0.234375 0.1828125
1 1 0.22303392031249997 0.9206921250000001 0.17879912343749998 0.759076053125 0.2057385046875 0.65325600625 0.25961716875 0.6070799015625 0.43664695625 0.7065508546875 0.6052828453125 0.7523276125 0.65 0.8616417890625 0.65 0.8802882046875 0.64254051875 0.9938043015625 0.5828891078125 1 0.5776355875 1 0.22303392031249997
1 0 0.65 0 0.67097015 0.0893633546875 0.8224703453125001 0.1655310765625 0.896875 0.170244640625 0.896875 0.2631007046875 0.85972801875 0.3766168015625 0.8000766078125 0.4651208859375 0.7250313078125 0.469482596875 0.65 0 0.65
1 0.9609375 0.96796875 0.078125 0.0640625
0 0.8484375 0.8625 0.13828125 0.178125
0 0.7796875 0.93984375 0.14375 0.1203125