1 0.18984375 0.309375 0.1640625 0.166015625
0 0.14296875 0.5 0.2703125 0.1
1 0.04921875 0.4140625 0.0984375 0.228125
1 0.09453125 0.0640625 0.1890625 0.128125
1 1 0 0.7236924109375 0 0.7216309437499999 0.0021947390625 0.7046875 0.188593971875 0.7046875 0.194524228125 0.7254788703124999 0.2966031453125 0.7928188687500001 0.3447090171875 0.9217270671875 0.3312394234375 1 0.2915308734375 1 0
1 0 0.55 0 0.7700317078125 0.1123401484375 0.8112384374999999 0.2104641484375 0.7785264546875 0.2874242546875 0.6919357609375 0.3171875 0.572867990625 0.3171875 0.5666008859375 0.3094269984375 0.55 0 0.55
0 0.56953125 0.61875 0.1609375 0.1375
0 0.853125 0.8375 0.149609375 0.156640625
0 0.959375 0.965625 0.08125 0.06875
0 0.97109375 0.74765625 0.0578125 0.1703125
1 0.65234375 0.70546875 0.1267578125 0.1453125
1 0.746875 0.7265625 0.08125 0.128515625
1 0.9453125 0.56796875 0.109375 0.0359375
1 0.61953125 0.91640625 0.0609375 0.084375