1 0.046875 0.4546875 0.0716796875 0.1001953125
1 0.22265625 0.484375 0.078125 0.102734375
1 0.15859375 0.42265625 0.1015625 0.0921875
1 0.35390625 0.4515625 0.0515625 0.10625
1 0.36953125 0.56328125 0.0203125 0.1109375
1 0.95703125 0.61484375 0.0859375 0.0890625
1 0.81796875 0.603125 0.1484375 0.1125
1 0.92890625 0.23671875 0.1421875 0.1765625
1 0.8671875 0.090625 0.146875 0.18125
1 0.5125 0.61953125 0.16875 0.0796875
1 0.8203125 0.603125 0.125 0.1125
0 0.45859375 0.33203125 0.1578125 0.2609375
1 0.48984375 0.47578125 0.2013671875 0.2169921875
0 0.3796875 1 0.3796875 0.8696540875000001 0.3152297328125 0.865625 0.3055288140625 0.865625 0.1883437203125 0.89208935625 0.08098453125 0.9681062046875001 0.060424398437500006 1 0.3796875 1
1 0.5625 0.75234375 0.178125 0.1859375
1 0.565625 0.9296875 0.159375 0.140625
1 0.7 0.8453125 0.1560546875 0.221875