1 0.08359375 0.484375 0.1453125 0.03125
1 0.25078125 0.47265625 0.1484375 0.0546875
1 0.140625 0.13515625 0.141015625 0.1765625
1 0.2015625 0.03984375 0.146875 0.0796875
1 0.25 0.47265625 0.125 0.0546875
0 0.62734375 0.23125 0.1892578125 0.2623046875
1 0.58046875 0.37421875 0.2013671875 0.2169921875
1 0.96015625 0.09765625 0.0796875 0.1953125
1 0.896875 0.0453125 0.09375 0.090625
1 0.88046875 0.2125 0.0609375 0.20625
1 0.90546875 0.4375 0.1109375 0.125
1 0.52109375 0.8390625 0.0294921875 0.0404296875
1 0.4890625 0.73515625 0.0220703125 0.0482421875
1 0.4546875 0.61640625 0.0283203125 0.0357421875
1 0.2078125 0.7 0.0404296875 0.040625
1 0.14921875 0.75859375 0.0357421875 0.0609375
1 0.5078125 0.53828125 0.04765625 0.03515625
1 0.4921875 0.73515625 0.03359375 0.053125
1 0.69921875 0.71015625 0.03125 0.04140625
1 0.6625 0.90390625 0.02578125 0.0484375
1 0.8359375 0.9203125 0.028125 0.04375
0 0.73125 0.51640625 0.05625 0.0328125
0 0.68125 0.52890625 0.0625 0.0578125
0 0.41328125 0.57109375 0.04453125 0.06953125
0 0.29453125 0.70859375 0.04921875 0.06796875
0 0.15 0.86484375 0.04140625 0.07109375
0 0.0125 0.9703125 0.025 0.059375
0 0.01640625 0.60625 0.0328125 0.059375
1 1 0.6576625 0.9278017875 0.7479212984375 0.9203125 0.8123376359375 0.9203125 0.833022653125 0.9720538296875001 0.8903149046875001 0.9203125 0.8977073890625 0.9203125 0.9021096671875 0.9682059000000001 0.9942237359374999 1 0.9952955750000001 1 0.6576625