1 0.203125 0.0515625 0.165625 0.103125
1 0.41875 0.2171875 0.13125 0.203515625
1 0.10625 0.284375 0.1939453125 0.199609375
1 0.63359375 0.296875 0.0861328125 0.080859375
1 0.65546875 0.38125 0.1453125 0.096875
1 0.51875 0.5719889984375 0.4152065625 0.5662358796875 0.292070546875 0.6355084328125 0.196875 0.717386725 0.196875 0.7274366624999999 0.2093384515625 0.8414018984375 0.45176275 0.9857198015625 0.51875 0.9961606312499999 0.51875 0.5719889984375
1 0.909375 0.5171875 0.1375 0.175
1 0.55859375 0.79140625 0.0796875 0.1765625
1 0.80390625 0.76796875 0.1203125 0.163671875
1 0.9421875 0.77734375 0.115625 0.1765625
1 0.91328125 0.95390625 0.1421875 0.0921875
1 0.6359375 0.846875 0.134375 0.30625