1 0.28046875 0.26875 0.15 0.2123046875
1 0.44921875 0.6234375 0.0984375 0.053125
1 0.0734375 0.44140625 0.146875 0.1984375
1 0.61875 0.3609375 0.11875 0.2375
1 0.5765625 0.1578125 0.034375 0.246875
1 0.88828125 0.31171875 0.2017578125 0.2140625
1 0.058254364062499994 0.65 0 0.7256378375 0 0.9851284609375 0.015516221875 1 0.382056340625 1 0.39375 0.9834557359375001 0.39375 0.9743699750000001 0.3622970421875 0.7911804296875 0.24390218749999998 0.65 0.058254364062499994 0.65
1 0.7484375 0.8890625 0.0716796875 0.1001953125
1 0.92421875 0.91875 0.078125 0.102734375
1 0.86015625 0.85703125 0.1015625 0.0921875
1 0.64609375 0.7859375 0.0890625 0.0970703125