1 0.4359375 0.41875 0.133984375 0.175390625
1 0.16484375 0.44296875 0.1203125 0.1638671875
1 0.04140625 0.43203125 0.0828125 0.1765625
1 0.0625 0.2078125 0.125 0.1875
1 0.21171875 0.14765625 0.128125 0.171875
1 0.02265625 0.090625 0.0453125 0.14375
1 0.33203125 0.34765625 0.135546875 0.336328125
1 0.51875 0 0.51875 0.212414253125 0.685156346875 0.3114778171875 0.8320622296875 0.334375 0.8334979578125001 0.334375 0.9256565812499999 0.2422051671875 0.940625 0.0438479546875 0.940625 0.0383493921875 0.9338334343749999 0.0401679109375 0.9013422906249999 0 0.51875 0
0 0 1 0.403057071875 1 0.403125 0.9996942875 0.403125 0.9607920062499999 0.40047375937499996 0.8865503765625 0.35814577812500004 0.8268990140625 0.2850336 0.730687078125 0.2757983890625 0.7312925234375001 0.189627309375 0.7078125 0.1881129 0.7078125 0.1118735515625 0.730687078125 0.0483814828125 0.7557021625 0 0.8072112859375 0 1
1 0.7859375 0.9375 0.13125 0.125
1 0.61484375 0.7953125 0.0861328125 0.080859375
1 0.5921875 0.70078125 0.146484375 0.1142578125
1 0.95390625 0.725 0.0921875 0.10625