1 0.47265625 0.5125 0.0890625 0.1125
1 0.3203125 0.51015625 0.1375 0.1171875
1 0.21484375 0.28828125 0.1203125 0.163671875
1 0.36015625 0.278125 0.128125 0.1751953125
1 0.478125 0.13046875 0.121484375 0.1734375
1 0.32421875 0.0734375 0.1421875 0.146875
1 0.1671875 0.0390625 0.128125 0.078125
1 0.05703125 0.1921875 0.1140625 0.3375
0 0.52890625 0.90859375 0.141796875 0.1796875
0 0.13984375 0.809375 0.1482421875 0.2123046875
0 0.56640625 0.7265625 0.1294921875 0.162890625
0 0.278125 0.5921875 0.109375 0.046875
0 0.88671875 0.8890625 0.1265625 0.1560546875
0 0.85390625 0.98046875 0.1359375 0.0390625
0 0.7078125 0.6890625 0.096875 0.15