1 0.578125 0.24921875 0.1125 0.1015625
1 0.59609375 0.0546875 0.1046875 0.109375
1 0.96484375 0.09375 0.05625 0.096875
1 0.76640625 0.17578125 0.06328125 0.10078125
1 0.796875 0.03203125 0.065625 0.0640625
1 0.7171875 0.05546875 0.06015625 0.09453125
0 0 0.7693497046875 0.057421776562500006 0.80269553125 0.1502403 0.8140625 0.2215511515625 0.8140625 0.2844541703125 0.794998634375 0.3402501875 0.716104884375 0.351794165625 0.654529228125 0.3344781984375 0.6102717562500001 0.3460221765625 0.5621657890625 0.32101016250000003 0.523681015625 0.27290999843749997 0.4813478375 0.247897984375 0.450560059375 0.1651658875 0.423620678125 0.0953461 0.421875 0.0879491671875 0.421875 0.0119193015625 0.4747276203125 0 0.525912434375 0 0.7693497046875
1 0.965625 0.89765625 0.06875 0.1671875
1 0.74453125 0.98515625 0.0921875 0.0296875
1 0.50625 0.965625 0.1125 0.06875
1 0.51953125 0.8484375 0.1078125 0.1296875