1 0 0 0 0.45 0.31332218125 0.45 0.395362509375 0.3835109203125 0.4296875 0.3275670953125 0.4296875 0.24318600625000003 0.4107544140625 0.18339025 0.353034334375 0.08140561562500001 0.315612503125 0.0352471515625 0.2732075046875 0 0 0
1 0.50625 0.0671875 0.125 0.134375
1 0.7734375 0.03671875 0.178125 0.0734375
1 0.77734375 0.18828125 0.16015625 0.2015625
1 0.91015625 0.0921875 0.1546875 0.184375
1 0.9328125 0.30625 0.134375 0.20625
1 0.96328125 0.42109375 0.0734375 0.0578125
1 0.07252634687500001 0.45 0.046970475 0.46959523125 0.0046424921875 0.5119285015624999 0 0.5149464890625 0 0.752918746875 0.014262409374999998 0.77362483125 0.0950706375 0.8121096046874999 0.15856270625 0.856367075 0.239370740625 0.856367075 0.3471148484375 0.8428973843750001 0.4144548484375 0.7851702234375 0.4296875 0.7580867234374999 0.4296875 0.479005946875 0.41830296718750004 0.467671078125 0.350962778125 0.4599740375 0.339793240625 0.45 0.07252634687500001 0.45
0 0.54375 0.9171875 0.058984375 0.075
0 0.47578125 0.9140625 0.05 0.0625
1 0.78046875 0.7671875 0.040625 0.0609375
1 0.8125 0.76796875 0.03671875 0.0640625
1 0.88515625 0.684375 0.0453125 0.0609375
1 0.97421875 0.62734375 0.0515625 0.0546875
1 0.840625 0.52421875 0.03828125 0.04375
1 0.74609375 0.48046875 0.0375 0.05625