1 0.41875 0.61875 0.41875 0.24773982968750002 0.354150340625 0.205744834375 0.300538203125 0.2 0.3000525265625 0.2 0.1444341046875 0.21921457187499999 0.065549940625 0.31735070625 0.0424619828125 0.48668359843750003 0.12519407968750002 0.5886682296875 0.1660548515625 0.61875 0.41875 0.61875
1 0.55546875 0.50625 0.1111328125 0.1216796875
1 0.6984375 0.38046875 0.0984375 0.096875
1 0.72265625 0.25546875 0.11328125 0.1171875
1 0.88984375 0.28359375 0.0609375 0.071875
1 0.040625 0.7125 0.08125 0.121875
1 0.165625 0.9359375 0.08125 0.09921875
0 0.61015625 0.9453125 0.1328125 0.109375
0 0.53515625 0.74765625 0.14140625 0.1796875
0 0.9234375 0.6859375 0.146875 0.134375
0 0.47734375 0.91328125 0.1171875 0.1734375
0 0.95390625 0.91953125 0.0921875 0.1609375