1 0 0 0 0.28446784062499997 0.1362156859375 0.30128671093750004 0.190087840625 0.2955140140625 0.30552780468749996 0.2204687140625 0.365625 0.0439119359375 0.365625 0.037199659375 0.3427356734375 0 0 0
1 0.5734375 0.18515625 0.137109375 0.1953125
1 0.459375 0.5435883328125 0.3319476078125 0.490625 0.328135621875 0.490625 0.18473876718749999 0.511382321875 0.06737455 0.62106385 0.0211986390625 0.7596090578125001 0.0731465375 0.89815416875 0.14625871562499998 0.9828205640625001 0.24307605468750001 1 0.4436885046875 1 0.45025101875000006 0.9962903031250001 0.459375 0.9746781906249999 0.459375 0.5435883328125
1 0.48359375 0.85234375 0.0484375 0.1015625
1 0.64921875 0.8828125 0.078125 0.1015625
1 0.58515625 0.82109375 0.1015625 0.0921875
1 0.79375 0.85078125 0.07734375 0.10703125
1 0.85859375 0.8671875 0.0671875 0.08125
1 0.825 0.953125 0.078125 0.09375
1 0.90859375 0.9328125 0.0890625 0.134375
1 0.934375 0.81015625 0.11796875 0.10625