1 0.19765625 0.0671875 0.1171875 0.134375
1 0.21328125 0.2171875 0.1078125 0.128515625
1 0.01875 0.0828125 0.0375 0.11875
1 0.62421875 0.18984375 0.0888671875 0.1326171875
1 0.55234375 0.44296875 0.0923828125 0.125
1 0.52109375 0.23359375 0.13125 0.10625
1 0.88515625 0.46015625 0.1046875 0.0984375
1 0.5203125 0.0984375 0.13046875 0.16328125
1 0.32265625 0.5234375 0.0921875 0.028125
1 0.3078125 0.5828125 0.121875 0.103125
1 0.315625 0.82578125 0.10625 0.1234375
0 0.9009097078125 0.771875 0.8857674234375 0.6450418296875 0.8145793046875 0.6007844078125 0.656811165625 0.5430572953125 0.5779269953125 0.5411329984375 0.5028909500000001 0.5430572953125 0.40967313125000004 0.6136986796875 0.8947474046874999 0.771875 0.9009097078125 0.771875