1 0.23828125 0.06875 0.1171875 0.1375
1 0.25390625 0.2203125 0.1078125 0.128515625
1 0.0390625 0.0859375 0.078125 0.11875
1 0.48203125 0.3796875 0.1859375 0.240625
1 0.525 0.15234375 0.162109375 0.16875
1 0.42578125 0.10859375 0.0734375 0.2109375
1 0.63984375 0.315625 0.1201171875 0.178515625
1 0.7328125 0.45234375 0.140625 0.0953125
1 0.615625 0.4328125 0.125 0.134375
1 0.828125 0.08671875 0.19375 0.1734375
1 0.184375 0.846875 0.133984375 0.175390625
1 0.2875 0.87421875 0.134375 0.2515625
1 0.5461929671875 0.5 0.545912221875 0.500250696875 0.47857203281250005 0.5079477375 0.4392263625 0.5471217671875 0.4439401 0.600311128125 0.44009217187500005 0.6638109859375 0.4477880296875 0.7638713218750001 0.4824201515625 0.8254468828124999 0.5497601515625 0.8831740437500001 0.6343572671875 0.89375 0.742463665625 0.89375 0.8018043625000001 0.8523862640625 0.8826125906249999 0.8139014906250001 0.9422565390625 0.7273107484375 0.9576486375 0.6772805796875 0.9576486375 0.611856521875 0.9307125609375 0.57722024375 0.8922325078124999 0.5522051609374999 0.849904525 0.509871890625 0.8370297203125 0.5 0.5461929671875 0.5