1 0.19921875 0.1734375 0.0294921875 0.0404296875
1 0.1671875 0.27734375 0.0220703125 0.0482421875
1 0.1328125 0.39609375 0.0283203125 0.0357421875
1 0.35234375 0.60546875 0.0484375 0.0484375
1 0.1859375 0.47421875 0.0470703125 0.0357421875
1 0.1703125 0.27734375 0.033984375 0.053125
1 0.37734375 0.30234375 0.03125 0.041796875
1 0.340625 0.10859375 0.0251953125 0.0484375
1 0.51484375 0.0921875 0.0296875 0.04375
0 0.471875 0.55859375 0.0591796875 0.0767578125
0 0.41015625 0.5171875 0.0576171875 0.075390625
0 0.36015625 0.49453125 0.0611328125 0.08125
0 0.09140625 0.44140625 0.0451171875 0.0701171875
1 0.5336531812499999 0 0.5296875 0.0025780125 0.5296875 0.3067594859375 0.5502562 0.3401876703125 0.72460459375 0.41875 0.7257906125 0.41875 0.8638684203124999 0.3170968828125 0.9466005171875 0.21511225 0.923512559375 0.045779359375 0.8867140203125 0 0.5336531812499999 0
1 0.01396375625 0.6296875 0.0176145078125 0.6511101734375 0.1293347703125 0.721875 0.358791678125 0.721875 0.460134928125 0.7184585265625 0.5062901609375 0.6296875 0.01396375625 0.6296875
0 1 0.6296875 0.5928270687499999 0.6296875 0.5890625 0.642237559375 0.5890625 0.6434945796875 0.6042941468749999 0.7120450171874999 0.6600901640625001 0.8140296499999999 0.8220053140625 0.8453125 0.8319426578125 0.8453125 0.9217544890625 0.7947872625000001 1 0.71119640625 1 0.6296875