1 0.278125 0.39140625 0.0220703125 0.0482421875
1 0.3125 0.27265625 0.0283203125 0.0357421875
1 0.521875 0.0796875 0.034375 0.040625
1 0.43515625 0.01875 0.0326171875 0.0373046875
1 0.09296875 0.06015625 0.0484375 0.0546875
1 0.259375 0.19453125 0.0470703125 0.0357421875
1 0.275 0.39140625 0.0341796875 0.053125
1 0.06796875 0.36640625 0.03125 0.0419921875
0 0.03515625 0.1515625 0.0576171875 0.075390625
0 0.08515625 0.17421875 0.0611328125 0.08125
0 0.35390625 0.22734375 0.0451171875 0.0701171875
0 0.47265625 0.36484375 0.0486328125 0.0673828125
1 0.57946603125 0 0.5714218796875 0.002011284375 0.5390625 0.037781325 0.5390625 0.41875 0.8291701437500001 0.41875 0.8850342953125001 0.3387529609375 0.9177423593749999 0.25601061875000003 0.9359375 0.152285675 0.9359375 0.1448886640625 0.86579426875 0.0481929546875 0.765746209375 0.003935484375 0.7497035000000001 0 0.57946603125 0
0 0 0.41875 0 0.8458350875 0.0771073578125 0.8668454140625 0.1540674671875 0.84375458125 0.2175595359375 0.818739496875 0.27720367343749996 0.7552396390625 0.31375966875 0.7013608765624999 0.31875 0.641469390625 0.31875 0.6244010609374999 0.30798767968749996 0.5185583921875 0.2829756625 0.43196765 0.26598360312499997 0.41875 0 0.41875
1 0.5390625 0.41875 0.5390625 0.8865199796875001 0.6758038359375 0.86963620625 0.7546880015624999 0.7715000703125 0.7765625 0.6110669843750001 0.7765625 0.6006713390625 0.6950438625 0.500182546875 0.584432128125 0.41875 0.5390625 0.41875