1 0.19765625 0.33515625 0.0330078125 0.053125
1 0.07578125 0.38203125 0.0419921875 0.0375
1 0.00703125 0.10078125 0.0140625 0.0359375
1 0.34140625 0.2484375 0.042578125 0.059765625
1 0.36875 0.33828125 0.0375 0.0419921875
1 0.45703125 0.2765625 0.0326171875 0.0373046875
1 0.45 0.1859375 0.030859375 0.0501953125
1 0.6109375 0.1390625 0.0375 0.04375
1 0.61875 0.4515625 0.021875 0.034375
0 0.5375 0.459375 0.04375 0.01875
0 0.24453125 0.296875 0.053125 0.084375
0 0.23203125 0.15703125 0.040625 0.0703125
0 0.45625 0.12265625 0.055859375 0.0611328125
0 1 0.46875 1 0.31772309375 0.9004175406249999 0.275 0.8851009453125 0.275 0.7910929359375001 0.2869661078125 0.71990481875 0.36201140781249996 0.6852728859375 0.41973847343750004 0.6820593921875 0.46875 1 0.46875
1 0.29140625 0.6265625 0.11875 0.1404296875
1 0.5796875 0.7234375 0.1 0.121875
1 0.2703125 0.484375 0.103125 0.03125
1 0.38515625 0.5015625 0.1109375 0.065625
1 0.20703125 0.71484375 0.1013671875 0.1107421875
1 0.2640625 0.83203125 0.077734375 0.1919921875
1 0.5890625 0.98671875 0.08125 0.0265625
1 0.1828125 0.97890625 0.065625 0.0421875
1 0.10234375 0.9890625 0.0609375 0.021875
1 0.6625 0.709375 0.065625 0.125
1 0.6890625 0.946875 0.09375 0.10625
1 0.98515625 0.88984375 0.0296875 0.1953125