0 0.5296875 0.4890625 0.5296875 0.040899653125000004 0.415545496875 0.01875 0.408910315625 0.01875 0.331788446875 0.060137634375000006 0.27984035625 0.1005466078125 0.2548283390625 0.18713734843750002 0.2432843609375 0.3006672765625 0.24905634999999998 0.369939834375 0.2856123453125 0.4238185953125 0.3452564828125 0.48731845468749996 0.349683134375 0.4890625 0.5296875 0.4890625
1 0.5296875 0 0.5296875 0.20943688749999997 0.543133715625 0.22500806406249999 0.662421803125 0.2461747484375 0.7586219359374999 0.288507921875 0.84712601875 0.23847780312500003 0.8836820140625001 0.15188706093749998 0.8644419875 0.0903115 0.9202380046874999 0.0460539328125 0.9353476265625 0 0.5296875 0
1 0.5046875 0.959375 0.05 0.08125
1 0.5140625 0.5125 0.03125 0.046875
1 0.08046875 0.86640625 0.08828125 0.13203125
1 0.15234375 0.61328125 0.09296875 0.125
1 0.18359375 0.82265625 0.13125 0.10625
1 0.18359375 0.9375 0.1296875 0.125
1 0.3734375 0.95078125 0.109375 0.0984375
1 0.5390625 0.84140625 0.01875 0.0640625
1 0.6171875 0.78671875 0.06015625 0.08515625
1 0.5765625 0.5046875 0.09375 0.03125
1 0.63828125 0.53515625 0.06796875 0.09140625
1 0.5671875 0.5859375 0.075 0.103125
1 0.6546875 0.6421875 0.07890625 0.1109375