0 0.5 0 0.28641115625 0 0.2640064828125 0.008827162500000001 0.2043623453125 0.0723270203125 0.16780635 0.1262057828125 0.1620343609375 0.1954783390625 0.1735783390625 0.30900826718749996 0.19859035625000002 0.39559900937500003 0.250538446875 0.43600798281250003 0.32901945 0.478125 0.33053682812499996 0.478125 0.45833061875 0.45332617031250005 0.5 0.43017368281249996 0.5 0
1 0.5328125 0.33984375 0.065625 0.0953125
1 0.61875 0.2 0.07109375 0.10078125
1 0.79453125 0.2296875 0.078125 0.1015625
1 0.73046875 0.16796875 0.1015625 0.0921875
1 0.53046875 0.09609375 0.0609375 0.0984375
1 0.9390625 0.19765625 0.07734375 0.10703125
1 0.98515625 0.2140625 0.0296875 0.08125
1 0.965625 0.30859375 0.06875 0.1109375
0 0 1 0.34330231875 1 0.3652453828125 0.9818380609374999 0.365625 0.9636129203125 0.365625 0.8844551812500001 0.344081296875 0.8144293703125 0.31137323125 0.774020396875 0.30993016562500003 0.7814384859375 0.199781190625 0.6932024 0.099825496875 0.665625 0.0662533609375 0.665625 0.0093049875 0.6739599171874999 0 0.680296 0 1
1 0.87421875 0.91796875 0.03359375 0.053125
1 0.9875 0.9640625 0.025 0.0375
1 0.73046875 0.83125 0.04296875 0.06015625
1 0.703125 0.92109375 0.0375 0.04140625
1 0.61484375 0.859375 0.03203125 0.03671875
1 0.621875 0.76875 0.0296875 0.05078125
0 0.82734375 0.8796875 0.053125 0.084375
0 0.83984375 0.73984375 0.040625 0.0703125
0 0.615625 0.70546875 0.0546875 0.06171875