0 0.5 0.4390625 0.5 0.224738940625 0.420778496875 0.24410655937499998 0.37075446562500003 0.29413672812499997 0.2726302734375 0.3537880875 0.2264543609375 0.40189405625 0.21883095625 0.4390625 0.5 0.4390625
0 0.75234375 0.075 0.1265625 0.15
0 0.940625 0.271875 0.11875 0.15
1 0.54453125 0.09375 0.0890625 0.09375
1 0.640625 0.3890625 0.103125 0.1
1 0.76953125 0.42734375 0.1046875 0.0234375
1 0.14453125 0.58125 0.10859375 0.14375
1 0.146875 0.89453125 0.09140625 0.1078125
1 0.12421875 0.76171875 0.12421875 0.1546875
1 0.384375 0.83125 0.08125 0.09921875
0 0.47109375 0.721875 0.0578125 0.146875
0 0.059375 0.4578125 0.084375 0.0375
1 0.56875 0.509375 0.1375 0.140625
1 0.76953125 0.47734375 0.1890625 0.0765625
1 0.7328125 0.784375 0.16171875 0.1890625
1 0.9359375 0.46875 0.128125 0.059375