0 0.5296875 0.2034759125 0.5205363921874999 0.1911841046875 0.454735559375 0.17308139218750002 0.40278746875 0.11727842968749999 0.3184691984375 0.115625 0.303418296875 0.115625 0.2161593859375 0.1345965703125 0.1622872328125 0.213490365625 0.1622872328125 0.2692932296875 0.11418726406249999 0.3154749984375 0.1295793609375 0.39052025 0.1757552734375 0.43862621874999996 0.273879465625 0.498277578125 0.323903496875 0.5483077468750001 0.40752069375 0.56875 0.4114306109375 0.56875 0.47589964843750004 0.5194441656250001 0.5296875 0.456684 0.5296875 0.2034759125
0 1 0.168817471875 0.960231525 0.1411721765625 0.8832716125000001 0.143096375 0.8005395156249999 0.17003575625 0.7755275015625 0.200823534375 0.7274273375 0.24315671249999998 0.7024153234374999 0.2816414859375 0.7139593015625 0.329747453125 0.6966433343749999 0.37400492343749997 0.7081873125 0.43558058125 0.7639833296875 0.5144743296875001 0.8244918437500001 0.5328125 0.9041229749999999 0.5328125 0.9910157234374999 0.522171228125 1 0.5169539015625 1 0.168817471875
1 0.0515625 0.8390625 0.103125 0.165625
1 0.11796875 0.73203125 0.11875 0.13515625
1 0.2109375 0.678125 0.11875 0.05625
1 0.34140625 0.71796875 0.0859375 0.1359375
1 0.46640625 0.6984375 0.1265625 0.096875
1 0.61328125 0.89765625 0.11875 0.13515625
1 0.70703125 0.82109375 0.11796875 0.103125
1 0.83671875 0.846875 0.0859375 0.209375
1 0.94921875 0.83203125 0.1015625 0.1609375