1 0.26796875 0.25390625 0.0857421875 0.159375
1 0.19296875 0.22578125 0.090625 0.0986328125
0 0.4421875 0.09140625 0.1341796875 0.1326171875
0 0.07578125 0.08515625 0.1359375 0.1703125
0 0.5984535875 0 0.5954801953125 0.009515989062499999 0.5890625 0.0326226765625 0.5890625 0.0520645140625 0.618568340625 0.1249702140625 0.6384818015625 0.21048418125 0.714768475 0.2635153234375 0.7917283875 0.261591125 0.874460484375 0.23465174375000003 0.8994724984375001 0.203863965625 0.9475726625 0.1615307875 0.9725846765625 0.1230460140625 0.9610406984375001 0.074940046875 0.9783566656249999 0.0306825765625 0.9726044093749999 0 0.5984535875 0
1 0 1 0.41002168437500003 1 0.43581874374999996 0.9673197234375 0.40695879843749994 0.8460927999999999 0.3146065953125 0.7171687859375 0.14973672031250002 0.6890625 0.1433594109375 0.6890625 0.01253835 0.7402596703125 0 0.754119571875 0 1
1 0.67578125 0.9515625 0.0953125 0.096875
1 0.58203125 0.9265625 0.0859375 0.084375
1 0.9375 0.85 0.103125 0.1091796875
1 0.82265625 0.84296875 0.1078125 0.0857421875
1 0.609375 0.6734375 0.1189453125 0.115625