1 0.5109375 0.55859375 0.090625 0.0203125
0 0.2625 0.46484375 0.1341796875 0.1326171875
0 0.18671875 0.25546875 0.1419921875 0.1796875
0 0.57578125 0.15625 0.1482421875 0.2123046875
0 0.1484375 0.07734375 0.128125 0.1546875
0 0.1140625 0.42578125 0.147265625 0.1828125
0 0.6140625 0.4453125 0.109375 0.196875
0 1 0.56875 1 0.178860271875 0.9650780421875 0.171875 0.96031615625 0.171875 0.8233680234375 0.22704149999999998 0.7714199328125 0.3367230296875 0.79450808125 0.41176828125 0.8233680234375 0.47719243593750005 0.83827911875 0.4915173453125 0.8118240453125001 0.519525609375 0.8594547406249999 0.56875 1 0.56875
1 0.50703125 0.66953125 0.1859375 0.2015625
1 0.465625 0.87734375 0.162109375 0.16875
1 0.59765625 0.9078125 0.1421875 0.184375
1 0.35078125 0.7140625 0.119921875 0.17890625
1 0.25625 0.59609375 0.140625 0.0546875
1 0.3734375 0.615625 0.125 0.09375
1 0.1625 0.92734375 0.19375 0.1453125
1 0.825 0.96484375 0.075 0.0703125
1 0.80546875 0.79375 0.0486328125 0.075