1 0 0 0 0.3155939484375 0.169919659375 0.338137071875 0.3276878 0.3054249953125 0.39310393125 0.1437891 0.33990518281250004 0.013532806250000001 0.3045599 0 0 0
1 0.9296875 0.36953125 0.1375 0.0609375
1 0.59375 0.15078125 0.05 0.1765625
1 0.82421875 0.17578125 0.1203125 0.16328125
1 0.95234375 0.16484375 0.0953125 0.1765625
1 0.65625 0.12421875 0.134375 0.2484375
1 0.56875 0.4776679828125 0.552951953125 0.4625 0.5333887796875 0.4625 0.43785018906250006 0.47444731406249996 0.330106078125 0.549492565625 0.21081799218750003 0.562962159375 0.16656595000000002 0.6341590109374999 0.146875 0.7362060984375 0.146875 0.7487515828125 0.1742619984375 0.8400524749999999 0.2492980453125 0.9516583015624999 0.35704215625 0.9920672749999999 0.47633024375 0.9535825015625001 0.5455943000000001 0.9632036953124998 0.56875 0.9404127609374999 0.56875 0.4776679828125
1 0.665625 0.92578125 0.11875 0.1484375
1 0.76015625 0.746875 0.13984375 0.21015625
1 0.64296875 0.80703125 0.125 0.16953125
1 0.5984375 0.57734375 0.059375 0.1578125