1 0.5 0.12798709218749998 0.485959275 0.10850888125 0.3859112125 0.014221143750000002 0.28778721093750004 0.0065242468750000004 0.2319909984375 0.0469332234375 0.17811904218750002 0.062327112500000004 0.1588790140625 0.11043308125 0.0799948484375 0.14314515781249998 0.0640625 0.2865543078125 0.0640625 0.30712670625 0.0915388265625 0.4683412484375 0.1203989609375 0.6145834484375 0.2314225453125 0.709375 0.24053581093749998 0.709375 0.33973511093750003 0.6896287015625 0.3820632859375 0.643447028125 0.424391265625 0.56455323125 0.45132734374999994 0.4702655453125 0.5 0.4146327765625 0.5 0.12798709218749998
0 0.95390625 0.4453125 0.0921875 0.228125
0 0.70625 0.18125 0.1484375 0.1578125
0 0.56953125 0.04375 0.1390625 0.0875
0 0.5578125 0.26953125 0.115625 0.1703125
0 0.7796875 0.60234375 0.146875 0.18203125
1 0.90703125 0.31328125 0.12734375 0.1453125
1 0.8125 0.2921875 0.08125 0.1296875
1 0.6109375 0.4921875 0.115625 0.12109375
1 0.51875 0.77578125 0.0375 0.1203125
1 0.93984375 0.10234375 0.0609375 0.084375
0 1 1 1 0.894232903125 0.9856751609375 0.8849399703125 0.9510432281250001 0.9061066546875001 0.9010190046875 0.8830157703125 0.8471470453125001 0.92919744375 0.7836549796875 0.88878846875 0.7490228546875001 0.921500546875 0.7047708109374999 0.92727324375 0.7047708109374999 0.9773034109375001 0.707040259375 1 1 1