0 0.5711489624999999 0.5296875 0.582994159375 0.4788209109375 0.6125 0.405915209375 0.6125 0.386473371875 0.6060823046875 0.3633666859375 0.57722216875 0.271003246875 0.5175782234375 0.23636696875 0.42475969999999996 0.225 0.3534488484375 0.225 0.2905458296875 0.244063865625 0.2347498125 0.32295761562499997 0.223205834375 0.38453327187499997 0.2405218015625 0.42879074375000004 0.2289778234375 0.47689671093749997 0.2539898375 0.515381484375 0.27024474062500004 0.5296875 0.5711489624999999 0.5296875
1 0.65625 0.0828125 0.075 0.165625
1 0.8078125 0.06328125 0.190625 0.1265625
1 0.35546875 0.54140625 0.1171875 0.0234375
1 0.38125 0.59921875 0.12734375 0.103125
1 0.37109375 0.8421875 0.1171875 0.12421875
1 0.66171875 0.5546875 0.0796875 0.05
1 0.64453125 0.61953125 0.0515625 0.0734375
1 0.8546875 0.58984375 0.14375 0.1203125
1 0.9140625 0.815625 0.103125 0.10859375
1 0.9875 0.821875 0.025 0.084375
1 0.7859375 0.84375 0.1171875 0.0953125
1 0.8109375 0.93671875 0.12734375 0.103125