0 0.5390625 0.046875 0.5327789 0.046875 0.4629591125 0.048620678125 0.380227015625 0.075560059375 0.3552150015625 0.10634783750000001 0.3071148375 0.148681015625 0.2821028234375 0.1871657890625 0.2936468015625 0.23527175625000002 0.276330834375 0.27952922812500003 0.2878748125 0.34110488437500003 0.3436708296875 0.419998634375 0.4065738484375 0.4390625 0.4778847 0.4390625 0.5390625 0.4315703953125 0.5390625 0.046875
1 0.97890625 0.47890625 0.0421875 0.1015625
1 0.56875 0.134375 0.059375 0.1625
1 0.5859375 0.26484375 0.09375 0.1328125
0 0.74296875 0.1953125 0.16328125 0.20234375
0 0 1 0.393297921875 1 0.421875 0.9360340703125001 0.421875 0.9305926343750001 0.35943389375 0.8337312046875001 0.2520747046875 0.7577143562499999 0.134889609375 0.73125 0.1251886921875 0.73125 0.0404344125 0.73654776875 0 0.8002703890625 0 1
0 0.903125 0.5921875 0.1625 0.125
0 0.88671875 0.76015625 0.14296875 0.1703125
1 0.790625 0.9125 0.10390625 0.13203125
1 0.625 0.8171875 0.03984375 0.06484375
1 0.678125 0.84296875 0.0546875 0.06640625
1 0.73515625 0.7234375 0.04609375 0.04921875
1 0.6859375 0.67421875 0.04765625 0.05859375
1 0.7921875 0.71328125 0.04765625 0.0609375
1 0.578125 0.6671875 0.053125 0.0984375
1 0.54921875 0.71875 0.0203125 0.084375
1 0.7234375 0.55078125 0.0625 0.0421875
1 0.72890625 0.6296875 0.059375 0.08984375
1 0.88359375 0.88046875 0.06328125 0.0796875