1 0 0.46875 0.24861519531249998 0.46875 0.26875 0.44205640468749996 0.26875 0.2950553609375 0.2026328953125 0.2050516015625 0.015337796875 0.1859375 0.01389621875 0.1859375 0 0.1955982578125 0 0.46875
1 0.51953125 0.309375 0.0609375 0.1625
1 0.53671875 0.17890625 0.0953125 0.1328125
0 0.69453125 0.2484375 0.16328125 0.20234375
0 0.85078125 0.44453125 0.1640625 0.0484375
0 0 0.9471234031249999 0.0082716125 0.9498168218749999 0.0780914 0.9515625 0.0854883328125 0.9515625 0.16151819843749998 0.8987098796874999 0.181431659375 0.8131959109375 0.2109375 0.740290209375 0.2109375 0.7208483718750001 0.2045198046875 0.6977416859375 0.17565966875 0.605378246875 0.1160157234375 0.5707419687499999 0.0231972 0.559375 0 0.559375 0 0.9471234031249999
1 0.5875 0.51484375 0.103125 0.0921875
1 0.70234375 0.51484375 0.1078125 0.08515625
1 0.503125 0.53515625 0.028125 0.0953125
1 0.51796875 0.628125 0.0578125 0.103125
1 0.915625 0.684375 0.11953125 0.115625
1 0.5109375 0.87109375 0.04375 0.1234375