1 0.4382521 0.6390625 0.50625 0.49549385625 0.50625 0.48635225625 0.493545690625 0.36110892968749997 0.3607895671875 0.2937605765625 0.23188136875 0.2802909828125 0.1645413703125 0.3283968546875 0.14375 0.430475771875 0.14375 0.43640602812499996 0.16069344375 0.6228052609375 0.17596349218750001 0.6390625 0.4382521 0.6390625
1 1 0 0.7154864796875 0 0.7047169515625 0.0057097250000000006 0.670277315625 0.1067128046875 0.6587331453124999 0.2394853140625 0.7299212625 0.3568637390625 0.855270821875 0.40625 0.86026300625 0.40625 0.9973575734375 0.379954621875 1 0.37753583281249997 1 0
1 0.0296875 0.7734375 0.059375 0.090625
1 0.36015625 0.671875 0.0609375 0.065625
1 0.31875 0.96484375 0.096875 0.0703125
1 0.38203125 0.91484375 0.06796875 0.09140625
1 0.18125 0.93984375 0.05546875 0.0828125
1 0.31015625 0.86328125 0.07890625 0.10390625
1 0.3984375 0.8078125 0.07890625 0.1109375
1 0.6328125 0.809375 0.178125 0.190625
1 0.6359375 0.66953125 0.159375 0.0609375
1 0.76953125 0.73203125 0.1546875 0.1859375