1 0.005071584375 0 0 0.049997371875 0 0.07784163281249999 0.10156995312499999 0.2922932625 0.284350109375 0.26535388125 0.34399405625 0.201854025 0.3609375 0.015454790625000001 0.3609375 0.0095245359375 0.3589975484375 0 0.005071584375 0
1 0.72578125 0.465625 0.0890625 0.028125
1 0.8375 0.309375 0.059375 0.08125
1 0.80625 0.20390625 0.0734375 0.084375
1 0.790625 0.11015625 0.0640625 0.0625
1 0.66640625 0.1125 0.0515625 0.09453125
0 0.9671875 0.43203125 0.065625 0.0953125
0 0.8734375 0.4546875 0.128125 0.05
0 0.909375 0.353125 0.08671875 0.13125
1 0.37578125 0.9203125 0.1640625 0.159375
1 0.45234375 0.625 0.1546875 0.2375
0 1 1 1 0.7751688671875 0.9597444062499999 0.7640625 0.92617226875 0.7640625 0.8692238953124999 0.7723974171875 0.778795753125 0.8339730265625 0.7056837640625 0.8570639109375 0.68259561875 0.8993971796875 0.6421916984375 0.9340334578124999 0.63125 0.9965649625000002 0.63125 1 1 1