0 0.29375 0.190625 0.1625 0.2158203125
0 0.27734375 0.40390625 0.1423828125 0.1703125
1 0.18046875 0.51953125 0.1046875 0.0609375
1 0.0171875 0.46015625 0.034375 0.0640625
1 0.06875 0.48671875 0.055859375 0.0669921875
1 0.12578125 0.3671875 0.045703125 0.049609375
1 0.0765625 0.31796875 0.047265625 0.058203125
1 0.1828125 0.35703125 0.047265625 0.0609375
1 0.00703125 0.1359375 0.0140625 0.075
1 0.11484375 0.1890625 0.0611328125 0.055859375
1 0.11953125 0.2734375 0.059375 0.0904296875
1 0.2734375 0.5171875 0.0625 0.065625
1 0.775 0.41484375 0.144140625 0.1875
1 0.68671875 0.4890625 0.0359375 0.121875
1 0.66875 0.55 0.27516439375 0.55 0.23924954999999998 0.58356385 0.1930736390625 0.7221090578125 0.2450215375 0.86065416875 0.31813371562500004 0.9453205640625001 0.437421803125 0.9664872484375 0.5135779453125 1 0.549225403125 1 0.6221260187500001 0.958790303125 0.6586820140625 0.8721995609375 0.6394419874999999 0.810624 0.66875 0.7873767968750001 0.66875 0.55
0 1 0.55 0.66875 0.55 0.66875 0.7667028124999999 0.75802266875 0.8202729421875 0.888854734375 0.8337426328124999 0.9889027953125 0.774091221875 1 0.7526595031250001 1 0.55