1 0.11796875 0.4875 0.1765625 0.125
1 0.22109375 0.2203125 0.1705078125 0.2123046875
0 0.4796875 0.23752286250000001 0.82461754375 0.35 0.824647528125 0.35 0.8092568374999999 0.22108615937499998 0.7380687187499999 0.1768287375 0.5803005796875 0.1191016234375 0.5018334578125 0.1171875 0.5010197078124999 0.1171875 0.4796875 0.1177345640625 0.4796875 0.23752286250000001
1 0.02109375 0.92890625 0.03359375 0.053125
1 0.16484375 0.8421875 0.04296875 0.06015625
1 0.1921875 0.93203125 0.0375 0.04140625
1 0.28046875 0.8703125 0.03203125 0.03671875
1 0.2734375 0.7796875 0.0296875 0.05078125
1 0.4375 0.73359375 0.04296875 0.04296875
0 0.06796875 0.890625 0.053125 0.084375
0 0.05546875 0.75078125 0.040625 0.0703125
0 0.2796875 0.71640625 0.0546875 0.06171875
1 0.81171875 0.8671875 0.0890625 0.075
1 0.9234375 0.6875 0.059375 0.08125
1 0.89140625 0.58671875 0.0734375 0.0734375
0 0.94765625 0.8890625 0.1046875 0.1625
0 0.97578125 0.73125 0.0484375 0.13125