0 0.0484375 0.29140625 0.096875 0.2171875
1 0.2328125 0.41953125 0.0470703125 0.0580078125
1 0.12578125 0.4390625 0.0484375 0.021875
1 0.321875 0.40625 0.015625 0.0875
1 0.31171875 0.2375 0.0359375 0.075
1 0.19453125 0.290625 0.0611328125 0.055859375
1 0.18984375 0.375 0.059375 0.0904296875
1 0.60859375 0.359375 0.111328125 0.121484375
1 0.465625 0.23359375 0.099609375 0.096875
1 0.44140625 0.10859375 0.113671875 0.1171875
1 0.0546875 0.53203125 0.09453125 0.1125
1 1 0.6306800375 0.8990130796875 0.579262178125 0.7422096265625 0.553125 0.7359587515625 0.553125 0.6373487546875 0.6081257578125 0.5671875 0.7143290140625 0.5671875 0.7335441421875 0.5757807484375 0.8813674812500001 0.6642848328125 0.9564127812500001 0.7472309171875 1 0.9298426046875001 1 0.9515382796875 0.9788065187499999 1 0.896648009375 1 0.6306800375