0 0.2765625 0.2796875 0.1625 0.2158203125
0 0.259375 0.07578125 0.14375 0.1515625
1 0.00859375 0.0203125 0.0171875 0.040625
1 0.05078125 0.0078125 0.0546875 0.015625
1 0.10859375 0.103125 0.0455078125 0.0498046875
1 0.059375 0.15234375 0.0470703125 0.0580078125
1 0.165625 0.11328125 0.0470703125 0.0609375
1 0.09765625 0.28125 0.0611328125 0.055859375
1 0.10234375 0.196875 0.059375 0.0904296875
0 1 0 0.6738569296875 0 0.66600484375 0.032066475 0.66600484375 0.15714189375 0.7294969124999999 0.25720223125 0.8142511921875 0.2625 0.823952109375 0.2625 0.9411372046875 0.23603564375000002 1 0.194357196875 1 0
1 0.5890625 0.51875 0.144111603125 0.51875 0.1530148671875 0.6719063078125 0.24151895156249997 0.7469516078125 0.3550350484375 0.8066030187500001 0.44789111249999997 0.84375 0.4526046734375 0.84375 0.528772396875 0.7693453453125001 0.5890625 0.66713385 0.5890625 0.51875
1 0.8546875 0.7859375 0.1845703125 0.253125
1 0.81171875 0.57734375 0.1609375 0.1171875
1 0.93671875 0.56640625 0.1265625 0.0953125
1 0.69765625 0.715625 0.119921875 0.17890625
1 0.63125 0.90234375 0.084375 0.1953125
1 0.72109375 0.85078125 0.125 0.1701171875