1 0.25703125 0.38359375 0.1171875 0.0328125
1 0.2328125 0.32265625 0.1279296875 0.103125
1 0.24296875 0.0796875 0.1171875 0.1248046875
0 0.90234375 0.06640625 0.1359375 0.1328125
1 0.7703125 0.284375 0.08125 0.1126953125
1 0.89609375 0.25 0.060546875 0.10390625
1 0.959375 0.2390625 0.0779296875 0.0998046875
1 0.3390625 0.9359375 0.190625 0.128125
1 0.45 0.8390625 0.1033203125 0.2220703125
1 0.0515625 0.70546875 0.103125 0.1671875
0 0.10078125 0.9234375 0.2015625 0.153125
1 0.2265625 0.8109375 0.2310546875 0.228125
1 0.1375 0.4625 0.234375 0.125
1 0.9109375 0.95234375 0.125 0.0953125
1 0.77265625 0.8046875 0.101953125 0.168359375
1 0.6734375 0.9703125 0.140625 0.059375
1 0.88203125 0.76875 0.0888671875 0.146875
1 0.97109375 0.85390625 0.0578125 0.1453125