1 0.2171875 0.4796875 0.103125 0.1091796875
1 0.10234375 0.47265625 0.1078125 0.0857421875
1 0.3453125 0.4515625 0.116015625 0.096484375
1 0.3203125 0.35859375 0.1279296875 0.103125
1 0.33046875 0.115625 0.1171875 0.1248046875
0 0.4796875 0.3280460140625 0.5450453 0.3978687328125 0.6373975062499999 0.44982310312499996 0.8067096234375001 0.4171111203125 0.862505640625 0.3151264875 0.877897740625 0.2458539328125 0.849037603125 0.14964199843749998 0.7959351625 0.0936655078125 0.683230040625 0.0453125 0.6679134453125 0.0453125 0.5739054359375 0.05727860781250001 0.50271731875 0.1323239078125 0.4796875 0.1707117125 0.4796875 0.3280460140625
1 0.4203125 0.9703125 0.11875 0.059375
1 0.32890625 0.796875 0.1611328125 0.1591796875
1 0.25703125 0.7140625 0.1359375 0.16875
1 0.94453125 0.8265625 0.1017578125 0.1685546875
1 0.8453125 0.98125 0.140625 0.0375
1 0.70546875 0.94921875 0.0921875 0.1015625
1 0.5015625 0.9296875 0.04375 0.140625
1 0.50703125 0.77578125 0.0546875 0.1296875