1 0.40078125 0.22421875 0.0765625 0.1234375
1 0.68671875 0.2171875 0.1111328125 0.1216796875
1 0.54375 0.09140625 0.099609375 0.096875
1 0.51875 0.0125 0.1125 0.025
0 0 0.8950788109375001 0.088445859375 0.9262988437499999 0.20196195625 0.9166776500000001 0.2608700578125 0.9546875 0.2620131296875 0.9546875 0.3077820109375 0.9012837593749999 0.33087015625 0.8069960250000001 0.33087015625 0.6819206062500001 0.2673780875 0.5818602687500001 0.1826238078125 0.5765625 0.172922890625 0.5765625 0.055737795312500005 0.60302685625 0 0.6424926125 0 0.8950788109375001
1 0.68984375 0.99375 0.0234375 0.0125
1 0.65625 0.89296875 0.028515625 0.035546875
1 0.4515625 0.7 0.025 0.040625
1 0.53359375 0.6390625 0.03203125 0.03671875
1 0.5265625 0.5484375 0.0296875 0.05078125
1 0.690625 0.50234375 0.04296875 0.04296875
1 0.8484375 0.43671875 0.03515625 0.0359375
1 0.8875 0.4765625 0.02421875 0.028125
1 0.87578125 0.68046875 0.0484375 0.0546875
1 0.709375 0.81484375 0.04765625 0.03515625
1 0.69296875 0.9921875 0.0328125 0.015625
1 0.9 0.9828125 0.03125 0.034375
0 0.9828125 0.7296875 0.034375 0.078125
0 0.93359375 0.771875 0.05703125 0.0765625
0 0.88359375 0.79453125 0.06171875 0.08125
0 0.61484375 0.84765625 0.04453125 0.06953125
0 0.4953125 0.975 0.05 0.05
0 0.5328125 0.48515625 0.0546875 0.06171875