1 0.19140625 0.11796875 0.105078125 0.123828125
1 0.2375 0.35546875 0.09375 0.1078125
1 0.55390625 0.29765625 0.0703125 0.1953125
1 0.03515625 0.13515625 0.0703125 0.1859375
1 1 0.409375 1 0.17093581093750002 0.9173005062499999 0.159375 0.903031503125 0.159375 0.8052197187499999 0.19259820625 0.743651515625 0.23493137968750002 0.7140625 0.38463611875 0.7140625 0.40595000781249996 0.7159927109375 0.409375 1 0.409375
0 0.53046875 0.490625 0.1171875 0.1625
0 0.2703125 0.721875 0.14921875 0.15703125
0 0.13125 0.90546875 0.14609375 0.1796875
0 0.1140625 0.6328125 0.13203125 0.169140625
1 0.47109375 0.58984375 0.126953125 0.1453125
1 0.3765625 0.6109375 0.08125 0.12890625
1 0.175 0.43984375 0.115625 0.0609375
1 0.50390625 0.80078125 0.0609375 0.084375
1 0.76953125 0.9296875 0.1111328125 0.1216796875
1 0.63203125 0.803125 0.0859375 0.096875
1 0.6234375 0.67890625 0.06875 0.1171875