1 0.08828125 0.17578125 0.1048828125 0.1236328125
1 0.04375 0.421875 0.0875 0.125
1 0.071875 0.6140625 0.13125 0.071875
1 0.265625 0.19296875 0.112890625 0.1859375
1 0.91015625 0.59765625 0.1453125 0.1046875
1 0.74140625 0.5859375 0.1484375 0.128125
1 0.853125 0.21171875 0.141015625 0.1765625
1 0.790625 0.078125 0.146875 0.15625
1 0.4359375 0.60234375 0.16875 0.0953125
1 0.74375 0.5859375 0.125 0.128125
0 0.3953125 0.30703125 0.13125 0.2609375
1 0.42109375 0.45 0.1828125 0.215625
1 0.9130454406249999 1 0.9234375 0.939019215625 0.9234375 0.9157612499999999 0.8467853281250001 0.8390938562500001 0.7294213015625 0.7967605843750001 0.6343307359375 0.790625 0.6047152015625 0.790625 0.4966171140625 0.82177566875 0.411960959375 0.9276087984375 0.40354448437499996 1 0.9130454406249999 1