1 0.32265625 0.5671875 0.0734375 0.103125
1 0.22109375 0.07890625 0.0888671875 0.1326171875
1 0.29296875 0.33203125 0.0923828125 0.125
1 0.30859375 0.121875 0.1015625 0.10625
1 0.309375 0.034375 0.1 0.06875
1 0.4078125 0.4859375 0.0716796875 0.1001953125
1 0.58359375 0.45625 0.078125 0.102734375
1 0.51953125 0.51796875 0.1015625 0.0921875
1 0.728125 0.48828125 0.0779296875 0.1076171875
1 0.79296875 0.471875 0.0671875 0.08125
1 0.76015625 0.37734375 0.0794921875 0.1109375
1 0.84375 0.40234375 0.0904296875 0.1419921875
1 0.86875 0.52890625 0.118359375 0.10625
0 0.359375 0.61875 0.08905663281250001 0.61875 0.0885968609375 0.6232716609375 0.09436885 0.6925442171875 0.13092484531249998 0.7464229796875 0.1905689828125 0.8099228374999999 0.25406105156250003 0.834937921875 0.3303004 0.8578125 0.331814809375 0.8578125 0.359375 0.8503028578125 0.359375 0.61875
1 0.8319256515625 1 0.8682084343749998 0.9551445890625001 0.875 0.9569631078124999 0.875 0.9514645453125 0.86003158125 0.7531073328125 0.7678729578125 0.6609375 0.7664372296875 0.6609375 0.619531346875 0.6838346828125 0.3771070484375 0.8281525859375 0.3640625 0.9474313453125 0.3640625 0.9516679546875 0.4202556046875 1 0.8319256515625 1