1 0.21171875 0.37109375 0.1046875 0.1171875
0 0.3375 0.2390625 0.137890625 0.178125
0 0.39609375 0.33203125 0.1265625 0.1515625
0 0.06484375 0.38828125 0.1296875 0.0828125
1 0.6703125 0.01328125 0.028125 0.0265625
1 0.6390625 0.11171875 0.0220703125 0.0482421875
1 0.6046875 0.23046875 0.0283203125 0.0357421875
1 0.82421875 0.42265625 0.0484375 0.0140625
1 0.6578125 0.30859375 0.04765625 0.03515625
1 0.6421875 0.11171875 0.03359375 0.053125
1 0.84921875 0.13671875 0.03125 0.04140625
0 0.94296875 0.39140625 0.0578125 0.0765625
0 0.88203125 0.3515625 0.05703125 0.0765625
0 0.83203125 0.32890625 0.06171875 0.08125
0 0.56328125 0.27578125 0.04453125 0.06953125
1 0.0578125 0.46796875 0.084375 0.0765625
1 0.0140625 0.4671875 0.028125 0.075
0 0.2328125 0.58984375 0.133984375 0.132421875
0 0.30859375 0.79921875 0.14140625 0.1796875
0 0.3453125 0.94921875 0.128125 0.1015625
0 0.38125 0.62890625 0.1484375 0.1828125
1 0.459375 0.4296875 0.459375 0.766295359375 0.560785725 0.80625 0.5667145671875 0.80625 0.7031791640625 0.7800754515625 0.8166952640625 0.6761666234374999 0.8147712046875 0.5126064296874999 0.7688753921875 0.4296875 0.459375 0.4296875