1 0.3 0.35 0.1501953125 0.1625
1 0.35703125 0.21953125 0.1046875 0.1328125
0 0.23046875 0.084375 0.1390625 0.16875
0 0.16328125 0.1734375 0.1451171875 0.152734375
0 0.51953125 0.2890625 0.1638671875 0.2029296875
0 0.6296875 0 0.6296875 0.3745804359375 0.6625172296875 0.38114720156250004 0.7375534703125 0.4138592296875 0.7993137796875 0.392566325 0.8010455390625 0.38499564999999997 0.8683855328125001 0.38307145 0.9241815546875 0.3272684875 0.97035765625 0.26761722187500003 0.9915217421874999 0.20026877031249998 1 0.1725181765625 1 0.0894743140625 0.9915217421874999 0.0617237578125 0.9491935687499999 0.0251631859375 0.9517096531250001 0 0.6296875 0
1 0.3015625 0.9359375 0.153125 0.128125
1 0.4734375 0.90390625 0.1439453125 0.1875
1 0.34453125 0.803125 0.1171875 0.17421875
1 0.23359375 0.72734375 0.1140625 0.171875
1 0.04765625 0.64140625 0.0953125 0.0234375
1 0.646875 0.78359375 0.034375 0.1671875
1 0.85078125 0.67109375 0.0921875 0.0828125