1 0 0.4062969890625 0.10065285312500001 0.459375 0.10569672187500001 0.459375 0.252260634375 0.42554844531249997 0.340764715625 0.327412309375 0.3677005984375 0.2100338828125 0.2602450890625 0.0604456140625 0.1329723515625 0.0137615625 0.034848351562500005 0.046473545312499996 0 0.0856827296875 0 0.4062969890625
1 0.7775500609374999 0 0.762176028125 0.006765392187499999 0.642887940625 0.0279320765625 0.5697757625 0.11259847187500001 0.51875 0.2486842453125 0.51875 0.2539103390625 0.564003775 0.389688790625 0.6813679921875 0.49937031875000004 0.8260419031249999 0.5203125 0.8281320687499999 0.5203125 0.9757401874999999 0.45896134375 1 0.4220157734375 1 0.1910283109375 0.9641962124999999 0.162628640625 0.9834362375000001 0.10105307968749999 0.9468802437499999 0.0144623375 0.9212961359375 0 0.7775500609374999 0
1 0.14453125 0.625 0.0828125 0.10859375
1 0.18515625 0.83125 0.0890625 0.075
1 0.296875 0.98515625 0.059375 0.0296875
0 0.3328125 0.80859375 0.128125 0.16171875
0 0.3625 0.95078125 0.075 0.0984375
0 0.81953125 0.90078125 0.1890625 0.1984375
0 0.5234375 0.6515625 0.1484375 0.1578125
0 0.41640625 0.73984375 0.0328125 0.1703125
1 0.72421875 0.78359375 0.12734375 0.1453125
1 0.6296875 0.7625 0.08125 0.1296875
1 0.44296875 0.95078125 0.0859375 0.0984375
1 0.9921875 0.78359375 0.015625 0.0796875
1 0.75703125 0.58671875 0.0609375 0.0546875