1 0.5233215578125 0.3796875 0.4957570140625 0.26941563749999997 0.41879690937499997 0.1828249421875 0.3250210015625 0.1515625 0.3167210875 0.1515625 0.1934001703125 0.1967970109375 0.0875 0.3442201 0.0875 0.3531629765625 0.0935868203125 0.3796875 0.5233215578125 0.3796875
1 0.52109375 0.8875 0.075 0.0908203125
1 0.44453125 0.98203125 0.1140625 0.0359375
1 0.25234375 0.865625 0.10859375 0.14375
1 0.25 0.55234375 0.09140625 0.1078125
1 0.27265625 0.68515625 0.12421875 0.1546875
1 0.54140625 0.7046875 0.04921875 0.075
1 0.56953125 0.39375 0.0703125 0.028125
1 0.14140625 0.41640625 0.0921875 0.0734375
1 0.0265625 0.61484375 0.053125 0.0984375
0 0.3359375 0.98515625 0.084375 0.0296875
1 0.96796875 0.5765625 0.0640625 0.08125
1 0.98125 0.67109375 0.0375 0.1109375
1 0.91875 0.64609375 0.08984375 0.14140625
1 0.89375 0.51953125 0.11796875 0.10625