1 0.67734375 0.1671875 0.0953125 0.196875
1 0.6671875 0.29765625 0.075 0.0421875
0 0.94921875 0.20703125 0.1015625 0.2234375
1 0.8109375 0.0984375 0.215625 0.196875
0 0 0.8325004343749999 0.0661685921875 0.8451726234375 0.146149815625 0.8484375 0.1884509421875 0.8484375 0.2527968703125 0.8470968234375 0.356692859375 0.8470968234375 0.41248907187499995 0.8009151515624999 0.41441293906250004 0.7085517140625 0.3913249859375 0.6335064609375 0.358616921875 0.5930974875 0.35717385625000003 0.6005155765625 0.24702488125 0.512279490625 0.13543265 0.48149161406249996 0.0565486765625 0.4930370078125 0 0.53154293125 0 0.8325004343749999
1 0.86171875 0.34453125 0.0890625 0.0515625
1 0.709375 0.34765625 0.1375 0.0578125
1 0.646875 0.5390625 0.034375 0.1625
1 0.74921875 0.55 0.128125 0.17578125
1 0.8671875 0.69765625 0.12109375 0.1734375
1 0.7140625 0.77421875 0.14296875 0.18828125
1 0.959375 0.94375 0.08125 0.1125
1 0.78515625 0.89140625 0.125 0.14453125