1 0.5 0 0.14911183125 0 0.1395547359375 0.1099186453125 0.21074285312500002 0.22729706875 0.335785725 0.2765625 0.34171456718750004 0.2765625 0.47817916406250005 0.2503879515625 0.5 0.230413890625 0.5 0
1 0.95390625 0.2703125 0.0921875 0.1125
1 0.83203125 0.25078125 0.0828125 0.0921875
1 0.36633471093750003 0.409375 0.2871501703125 0.43842014531249995 0.18125 0.585843234375 0.18125 0.5947861109375 0.20663054375 0.705386840625 0.295134625 0.8035229765625 0.43558047968749997 0.8359375 0.44942006875 0.8359375 0.5 0.8092648125 0.5 0.4202652640625 0.467333184375 0.409375 0.36633471093750003 0.409375
1 0.98359375 0.49375 0.0328125 0.125
1 0.61328125 0.54765625 0.08828125 0.13203125
1 0.54375 0.8 0.0875 0.125
1 0.5375 0.590625 0.075 0.10625
0 0.96328125 0.95703125 0.0734375 0.0859375
1 0.875 0.8671875 0.10546875 0.19609375
1 0.53671875 0.4734375 0.0734375 0.128125